# R script for Peak Model
#  -- generated by MACS
p <- c(0.030257232515669297,0.03531912575533386,0.04037227735839533,0.04538706288969882,0.050403305360436156,0.05039116419848742,0.05050092030250394,0.050555312708034254,0.05067041092330822,0.05064418601349896,0.050481980089863925,0.050537343788350134,0.05064904247827846,0.050672839155697966,0.05071848992462519,0.05075831293581703,0.05071751863166929,0.05066652575148462,0.05065729846840359,0.0507719110371996,0.05080493499770015,0.0507136334598457,0.05067186786274207,0.050737430137265206,0.0507452004809124,0.050759769875250875,0.05079036560336167,0.05087292550461304,0.050928774849577196,0.050888466191907414,0.05095014329460696,0.05097831079032802,0.05094965764812901,0.05090789205102538,0.050979282083283915,0.05094528682982747,0.0509258609707095,0.05095499975938645,0.05095499975938645,0.05098171031567366,0.051033674488814226,0.051143916239308695,0.0512002512307508,0.05127941160665652,0.05131292121363502,0.05132020591080425,0.05131680638545861,0.051355172457216595,0.05131243556715707,0.051264356565840094,0.051240074241942636,0.0512012225237067,0.05119150959414771,0.05118908136175797,0.05121627756452313,0.05128621065734781,0.05132409108262785,0.051331861426275036,0.05134448823470172,0.051399851933187926,0.05148678265274083,0.05148144054148339,0.05155428751317577,0.05162616319191225,0.05154166070474909,0.05157759854411733,0.05156788561455835,0.05149503864286597,0.05146784244010081,0.051501352047079306,0.05151349320902804,0.05158973970606606,0.051593139231411705,0.05156302914977886,0.05159459617084555,0.05149358170343212,0.05160479474688249,0.051688325941089755,0.051790311701459084,0.051816536611268345,0.051798082045106275,0.051875785481578146,0.0518694720773648,0.05197437171660183,0.05207635747697117,0.05216717336834767,0.05215503220639894,0.05215454655992099,0.052141919751494306,0.05212297953885429,0.05214483363036201,0.052072957951625524,0.05206518760797833,0.05202924976861009,0.05204284786999267,0.05204479045590447,0.05211278096281736,0.05217057289369331,0.05229101322022472,0.052361431959527346,0.05241485307210176,0.05248381487197055,0.0525129536606475,0.05258288675347219,0.05258774321825168,0.05267953040258408,0.05274849220245287,0.05280774107276267,0.05277471711226212,0.05283542292200577,0.05287233205432991,0.05289078662049198,0.05297723169356694,0.05290292778244071,0.05298645897664798,0.0529709182893536,0.052888358388102234,0.05283785115439552,0.052937408682375106,0.05292041105564688,0.05295392066262538,0.052992286734383366,0.05305396383708291,0.05314575102141531,0.05317926062839381,0.05322782527618873,0.053346323016808334,0.053459478646170504,0.05340654318007404,0.05345996429264845,0.053532811264340834,0.053564863931885476,0.05355272276993675,0.05363479702471016,0.05362945491345272,0.053682876026027136,0.05371881386539538,0.053678019561247646,0.05371250046118203,0.053769321099102096,0.053825656090544204,0.053858680051044744,0.05396649356914947,0.05398397684235564,0.054090819067504466,0.05416560862510864,0.054145697119512726,0.05423359913202153,0.05428119248686056,0.05429721882063288,0.054315187740317,0.05433169972056727,0.054269536971389774,0.054356467690942684,0.0543754079035827,0.054468166380871,0.05456820955532853,0.05459589140457164,0.05471536043814714,0.054772181076067204,0.05482997300694316,0.054899906099767845,0.05497955212215151,0.054984408586931,0.054954298505298156,0.05494458557573917,0.05491981760536376,0.05501063349674026,0.05498100906158536,0.0550159756079977,0.05508930822616803,0.05520877725974353,0.05520683467383174,0.05521314807804508,0.055239372987854335,0.05527385388778873,0.05525345673571486,0.055284052463825666,0.05534135874822367,0.05537923917350371,0.05536612671859908,0.05538360999180525,0.055454028731107885,0.05558466763367622,0.05572647640523739,0.05575270131504664,0.055929476633020156,0.055948902492138124,0.05606108682854439,0.056102852425648025,0.05604748872716181,0.05607031411162543,0.056209694650796845,0.05619366831702452,0.056235919560606105,0.056296139723871805,0.056346646957578524,0.05641706569688116,0.056405410181410376,0.056505939002345865,0.05666571669359115,0.056721566038555306,0.05673419284698199,0.05677304456521792,0.05679392736376974,0.05687017386080777,0.05685948963829288,0.056923594973382174,0.05697992996482429,0.057050834350604866,0.05711833921103981,0.057192643122166036,0.057206241223548615,0.05729122935718973,0.057348049995109784,0.057361648096492364,0.05747043290755298,0.05748305971597966,0.0575189975553479,0.057590873234084385,0.05763749529596751,0.05772976812677786,0.057855064918088756,0.057961421496759626,0.05802698377128277,0.058181419351270615,0.05827029265673532,0.05833779751717026,0.058441240216973445,0.05845338137892217,0.05851263024923198,0.05860878825186592,0.05873262810374297,0.058706888840411656,0.0588326712782005,0.05891328859354007,0.05900653271730632,0.059165339115595704,0.05937708097998156,0.059544629014874034,0.05963204538090489,0.059649528654111064,0.0595956218950587,0.05981610539604764,0.05990206482264465,0.059996280239366796,0.060142945475707456,0.060229390548782416,0.06019442400237007,0.060230361841738314,0.06038042660342462,0.06049261093983088,0.060751946159055756,0.06079856822093888,0.06095446074036057,0.061089470461230456,0.061157946614621296,0.06129878409322656,0.061479444583023665,0.06172081088256442,0.0617640334191019,0.06197868916235545,0.0621894597337854,0.06231524217157425,0.06242791215445846,0.06263674013997662,0.06274892447638289,0.06285722364096556,0.06300000370548263,0.06305051093918934,0.06323894177263363,0.06336375291746658,0.06340163334274662,0.06358909288323501,0.06373090165479618,0.06371681790693565,0.06384648551654809,0.06404948574433086,0.06420197873840691,0.06441712012813841,0.06463760362912735,0.06472453434868025,0.06491927858633788,0.06508585532827446,0.06523009233222538,0.06544134855013328,0.06571428187074073,0.06598721519134819,0.06614747852907142,0.06625334946126435,0.0663485361709424,0.06664575181544731,0.06681572808272952,0.06705855132170413,0.0672960324494213,0.06743881251393835,0.06763841321637548,0.06773991333026687,0.06798467915515326,0.06824789954620174,0.0686029071215826,0.06877919679307816,0.06897734055608144,0.06923376189643862,0.06938916876938236,0.06976651608274889,0.07008072935398203,0.07037405982666335,0.07059405768117434,0.07087670393134078,0.07109038838163843,0.07137594851067255,0.07167802061995697,0.07181885809856224,0.07215929627960463,0.07230353328355554,0.07244534205511671,0.07253761488592705,0.07282608889382888,0.07295964167526492,0.07311893372003225,0.07332096265485913,0.07355747248962038,0.07376824306105034,0.07391927911569254,0.07412033675756352,0.07426748764038213,0.074526822859607,0.07466863163116817,0.07496244775032744,0.07512173979509477,0.07529657252715649,0.07538301760023144,0.07564283846593427,0.07576473573189953,0.07596482208081459,0.07613334140866297,0.07617850653111224,0.07631691577732777,0.07640627472927042,0.07660199025988396,0.07666900947384094,0.07681227518483595,0.07687103840866781,0.07708375156600956,0.07723430197417382,0.07741544811044887,0.07761602010584188,0.07779959447450668,0.07798122625725969,0.078159944161145,0.07833817641855235,0.07851786561539356,0.0786504471038737,0.07884179181618568,0.07899816998208532,0.07917251706766909,0.07941048384186421,0.07958531657392591,0.07969895784976604,0.07973246745674452,0.07995780742251296,0.08009815925464027,0.08030747288663638,0.0804813343257422,0.08074164083792297,0.08099029183463297,0.08121514615392345,0.08135792621844051,0.0816133762658418,0.0818848526470154,0.08204657292417249,0.08225200138434499,0.08239915226716361,0.08254873138237197,0.08267354252720491,0.0827711574692727,0.08291345188731182,0.08312373681226382,0.08323349291628034,0.0833524763033779,0.08345786158909288,0.08372885232378853,0.08389154389390151,0.0840532641710586,0.0842684055607901,0.08444275264637387,0.08464332464176688,0.08470645868390028,0.08492354265954358,0.08516588025204022,0.08548106481622926,0.08562287358779043,0.08591086194921431,